7
64
5646
7878
56
5656
56544
456
45
7
346
3
7
3
79
56
3545
565
345
56
546
78
345
903580298534798
546950964059860
509680596845564
56576945769587
845
344
5
435
345
543
54
655
345
345
4553
3
3
6
456
5
56
5
5466
56
56
56
565
5565
6456
56
5
56456
56
546
5654
6
56
4567
786
7687
8
7867345
3
234
5647
88
9
097
74
6
57890
8
8
7
5
45
67
8
9
6
453
6547
8978
56546
85
67345
56
456
456
89
7
56
875
3
44
57
67686
87
4563
5
6
5786
4
65457
86
4
6
5
768
9
79
78765
7
345
46
78
67
68
45
6
7867456
56758
6
345675
35
675
67
567
8
56546456
7567657
56
56546
12
0
3432
344
3434
3432
23
1
32432432
1
23
23213
231
233
4
567
4
2344
89
62432
567
89
679
76234
75676345
43534
23423
234
5678
546789
23423
43535
435454
56
565
6789
3
436789
4
34534534